0010010010000000000000000000000000000000000000000000000000
0000010010000011000000000001000000000001000000000000000000
0000110011100000001100000000100000000001101100000000000010
0000011000100000001100000000100000000001101100000000000010
0011010100000000000000000000000000000000000000000000000000
0000010010000011000000000001000000000001000000000000010000
0000110101100000001100000000100000000001101100000000000001
0000010111100000001100000000100000000001101100000000000001
0000100100100000000000000001000000000010000000000000110000
0000010010000011000000000001000000000001000000000000100000
0000101101010000000001001000000000000000000011100000000010
0000101101010000000001001000000000000000000011100000000010
0000010010000000100001000000000000100001100000010000000000
0000010010000011000000000000010000000001000000000000000000
0000010010000010000000000000100000000000010100000000000001
0000100001100000000001000000100000000000000000100000000000
0001010000000000000000000000000000000000000000000000001110
0001010001000000000000000000000000000000000000000000001100
0100101110100000101100000100000000000000000000000000000000
0100101110100000101100000100000000000000000000000000000000
0000010010000010100000000100000000100101100000000000000000
0000010010000010100000000100000000100100011000000000000001
0000010010000000100000000000000000100000010000000000000001
0101010000010000010000000001000000000000000000000000110010
0101010001010000010000000001000000000000000000000000110000
0001011001010000000000000000000000000000000000000000001010
0000101000100010000000000000001000001010000000000000000000
0000010010000011000000000010000000000000000000000000000010
0001011100010000000000000000000000000000000000000000001010
0001011101010000000000000000000000000000000000000000001000
0000100000001000000000000010000000000000000000000000000010
0000010010000011000000000010000000000000000000000000000000
1000000000000100000000000000000000000000000000000000000000
0001100001010010000000000100000000000100000000000000001010
0000010010000010000000010000001000001010000000001000000000
0000010010000000100000000010000000010000000000000000000010
0001100100010000000000000000000000000000000000000000001010
0001100101000000000000000000000000000000000000000000001110
0000011010000000100000000010000000010000000000000000000010
0000110100100000000000000000000100000000000000000000000000
0001101000010000000000000000000000000000000000000000001010
0001101001000000000000000000000000000000000000000000001110
0000100010000001000001000010000000000000000000000010000010
0000101111010000000000000000000010000000000000000000000010
0000000000000000000000000000000000000000000000000000000000
0000101001100010000000100000001000001010000000001100000000
0101011100000000010000000000000000000000000000000000000000
0000100101100010000000000000001000001010000000000100000000
0000111100000000000000000000000000000000000000000000000000
0000111100000000000000000000000000000000000000000000000010
0000101101010000000001001000000000000000000010100000000010
0101011101000000010000000000000000000000000000000000000000
0001110100010000000000000000000000000000000000000000001010
0101011001000000010000000000000000000000000000000000000000
0000010010000000100000000010000000010000000000000000000010
0000000000000000000000000000000000000000000000000000000000
0000000000000000000000000000000000000000000000000000000000
0000111100000000000000000000000000000000000000000000000000
0000101101010000000001001000000000000000000001100000000010
0000000000000000000000000000000000000000000000000000000000
0110110010000000000000000000000000000000000000000000000000
0000111100000000000000000000000000000000000000000000000000
0000101101010000000011001000000001000000000000100000000010
0000000000000000000000000000000000000000000000000000000000
